2016/1/15 16:13:48, 16.07335, 16.01056, 11.48946, 17.24001, 10.03437, 18.97133, 15.93737, 18.4186, 14.25369, 15.82512, 23.48809, 25.95199, 19.9872, 20.02908, 15.03688, 13.73002, 17.28607, 10.97791, 19.06122, 5.84295, 37.87352
2016/1/15 16:13:49, 16.09902, 15.90993, 11.64147, 17.24001, 10.18785, 18.87232, 15.8868, 18.4186, 14.35342, 15.82512, 23.41188, 26.02323, 20.01269, 20.00396, 14.93666, 13.60337, 17.18586, 11.12721, 19.10256, 5.726588, 37.95507
2016/1/15 16:13:50, 16.09902, 15.90993, 11.64147, 17.26564, 10.29025, 18.87232, 15.86152, 18.4186, 14.35342, 15.82512, 23.46269, 26.07071, 20.01269, 20.00396, 14.88656, 13.60337, 17.18586, 11.12721, 19.10256, 5.765342, 37.87352
2016/1/15 16:13:51, 16.09902, 15.85958, 11.86939, 17.26564, 10.29025, 18.84756, 15.86152, 18.4186, 14.32849, 15.82512, 23.46269, 26.07071, 19.85976, 20.07931, 14.88656, 13.70469, 17.18586, 11.12721, 19.06122, 5.726588, 37.91432
2016/1/15 16:13:52, 16.09902, 15.85958, 11.86939, 17.24001, 10.59782, 18.84756, 15.8868, 18.39332, 14.32849, 15.75022, 23.36107, 26.07071, 19.85976, 20.07931, 15.01182, 13.70469, 17.18586, 11.22676, 19.01988, 5.804123, 37.91432
2016/1/15 16:13:53, 16.25303, 15.93509, 12.17307, 17.13738, 10.59782, 18.92183, 15.8868, 18.39332, 14.40328, 15.82512, 23.36107, 26.07071, 19.91073, 20.00396, 15.01182, 13.70469, 17.21091, 11.30144, 19.06122, 5.726588, 37.95507
2016/1/15 16:13:54, 16.22737, 15.80922, 12.45123, 17.13738, 10.72613, 18.94658, 15.91208, 18.51973, 14.50302, 15.77518, 23.43728, 26.09446, 19.93622, 20.00396, 15.01182, 13.75535, 17.1107, 11.30144, 19.06122, 5.765342, 37.87352
2016/1/15 16:13:55, 16.22737, 15.80922, 12.45123, 17.13738, 10.72613, 18.94658, 16.01321, 18.51973, 14.50302, 15.77518, 23.38647, 26.09446, 19.93622, 20.07931, 14.96172, 13.75535, 17.1107, 11.40102, 19.01988, 5.765342, 37.91432
2016/1/15 16:13:56, 16.3814, 15.88476, 12.65341, 17.13738, 11.03443, 18.89708, 16.01321, 18.4186, 14.25369, 15.90003, 23.38647, 25.99949, 19.88525, 20.10443, 14.96172, 13.70469, 17.18586, 11.47571, 19.01988, 5.765342, 37.87352
2016/1/15 16:13:57, 16.3814, 15.85958, 12.65341, 17.13738, 11.26595, 18.89708, 16.06378, 18.54502, 14.35342, 15.90003, 23.38647, 26.02323, 19.80879, 20.10443, 14.98677, 13.70469, 17.06059, 11.47571, 18.97852, 5.73031, 37.83272
2016/1/15 16:13:58, 16.3814, 15.85958, 12.77972, 17.00892, 11.26595, 18.89708, 16.06378, 18.54502, 14.35342, 15.87506, 23.38647, 26.02323, 19.80879, 20.12954, 14.98677, 13.70469, 17.06059, 11.52551, 18.97852, 5.765342, 37.83272
2016/1/15 16:13:59, 16.40707, 15.70844, 12.77972, 17.00892, 11.42045, 18.89708, 15.98793, 18.49445, 14.42822, 15.87506, 23.33566, 26.07071, 19.78331, 20.12954, 14.88656, 13.65403, 17.1107, 11.74965, 18.97852, 5.68786, 37.87352
2016/1/15 16:14:00, 16.50977, 15.80922, 13.05746, 17.06033, 11.70396, 18.94658, 16.21546, 18.59558, 14.45315, 15.87506, 23.41188, 26.07071, 19.70686, 20.12954, 15.01182, 13.78069, 17.1107, 11.74965, 18.97852, 5.649161, 37.87352
2016/1/15 16:14:01, 16.50977, 15.80922, 13.30977, 17.1117, 11.70396, 18.94658, 16.34186, 18.59558, 14.45315, 15.925, 23.38647, 26.07071, 19.70686, 20.12954, 15.01182, 13.78069, 17.16081, 11.79947, 18.97852, 5.68786, 37.87352
2016/1/15 16:14:02, 16.53544, 15.68323, 13.41065, 17.1117, 11.85875, 18.84756, 16.34186, 18.59558, 14.40328, 15.925, 23.38647, 26.02323, 19.57945, 20.12954, 14.93666, 13.75535, 17.16081, 11.79947, 18.97852, 5.649161, 37.91432
2016/1/15 16:14:03, 16.53544, 15.68323, 13.41065, 17.06033, 11.85875, 18.84756, 16.46825, 18.59558, 14.40328, 15.85009, 23.43728, 26.02323, 19.57945, 20.10443, 15.06193, 13.75535, 17.16081, 11.89912, 18.8958, 5.61049, 37.87352
2016/1/15 16:14:04, 16.63815, 15.70844, 13.68794, 17.06033, 12.1686, 18.92183, 16.46825, 18.72202, 14.5529, 15.94997, 23.46269, 26.04697, 19.55398, 19.97885, 15.06193, 13.73002, 17.08565, 12.12337, 18.8505, 5.726588, 37.83272
2016/1/15 16:14:05, 16.71519, 15.70844, 13.68794, 17.06033, 12.42708, 18.87232, 16.39242, 18.74731, 14.65265, 15.94997, 23.46269, 26.11819, 19.55398, 19.97885, 14.93666, 13.60337, 17.08565, 12.12337, 18.85444, 5.765342, 37.83272
2016/1/15 16:14:06, 16.71519, 15.70844, 13.78872, 17.03463, 12.42708, 18.87232, 16.44298, 18.74731, 14.65265, 15.90003, 23.46269, 26.11819, 19.60493, 20.0542, 14.93666, 13.60337, 17.13575, 12.29785, 18.93716, 5.61049, 37.83272
2016/1/15 16:14:07, 16.71519, 15.6328, 14.04057, 17.03463, 12.5564, 18.94658, 16.44298, 18.7726, 14.70253, 15.925, 23.48809, 26.09446, 19.45207, 20.0542, 15.03688, 13.60337, 17.08565, 12.29785, 18.8958, 5.726588, 37.87352
2016/1/15 16:14:08, 16.76655, 15.6328, 14.04057, 17.00892, 12.76343, 18.94658, 16.56936, 18.79789, 14.70253, 15.925, 23.46269, 26.02323, 19.45207, 20.07931, 15.06193, 13.60337, 17.08565, 12.47236, 18.85444, 5.68786, 37.87352
2016/1/15 16:14:09, 16.76655, 15.60758, 14.1916, 17.00892, 12.76343, 18.97133, 16.56936, 18.79789, 14.75241, 16.07483, 23.46269, 26.02323, 19.55398, 20.07931, 15.06193, 13.67935, 16.96038, 12.62198, 18.8958, 5.726588, 37.7919
2016/1/15 16:14:10, 16.84359, 15.60758, 14.1916, 16.93176, 12.99648, 18.97133, 16.6452, 18.79789, 14.85219, 16.07483, 23.38647, 26.11819, 19.55398, 20.07931, 15.11204, 13.73002, 16.96038, 12.62198, 18.85444, 5.68786, 37.83272
2016/1/15 16:14:11, 16.84359, 15.60758, 14.41803, 16.93176, 12.99648, 19.02083, 16.6452, 18.79789, 14.85219, 16.12477, 23.38647, 26.11819, 19.5285, 20.12954, 15.11204, 13.73002, 17.16081, 12.74668, 18.8958, 5.649161, 37.83272
2016/1/15 16:14:12, 16.81791, 15.55712, 14.64433, 17.00892, 13.12602, 19.07031, 16.84739, 18.92435, 14.85219, 16.12477, 23.46269, 26.02323, 19.45207, 20.12954, 15.08699, 13.67935, 16.98544, 12.74668, 18.81307, 5.692303, 37.83272
2016/1/15 16:14:13, 16.81791, 15.55712, 14.64433, 17.08602, 13.12602, 19.07031, 16.84739, 18.92435, 14.85219, 16.19969, 23.46269, 26.02323, 19.45207, 20.00396, 15.08699, 13.67935, 16.98544, 12.89636, 18.81307, 5.68786, 37.83272
2016/1/15 16:14:14, 16.76655, 15.53188, 14.64433, 17.08602, 13.38522, 19.11979, 16.89794, 18.97493, 14.92702, 16.19969, 23.41188, 25.99949, 19.40112, 20.00396, 15.1371, 13.78069, 16.98544, 12.89636, 18.85444, 5.61049, 37.87352
2016/1/15 16:14:15, 16.76655, 15.53188, 14.76999, 16.98321, 13.38522, 19.11979, 17.04958, 18.97493, 14.92702, 16.27462, 23.41188, 25.99949, 19.40112, 20.0542, 15.1371, 13.78069, 16.96038, 13.02111, 18.85444, 5.649161, 37.83272
2016/1/15 16:14:16, 16.89495, 15.53188, 14.76999, 16.98321, 13.54081, 19.11979, 17.04958, 19.05082, 14.92702, 16.27462, 23.46269, 25.99949, 19.40112, 20.0542, 15.11204, 13.78069, 16.96038, 13.02111, 18.81307, 5.726588, 37.7919
2016/1/15 16:14:17, 16.89495, 15.4814, 14.89562, 16.98321, 13.54081, 19.11979, 17.04958, 19.05082, 14.92702, 16.24964, 23.46269, 26.02323, 19.37564, 19.97885, 15.11204, 13.95809, 17.06059, 13.09598, 18.85444, 5.726588, 37.83272
2016/1/15 16:14:18, 16.86927, 15.53188, 14.89562, 17.06033, 13.7224, 19.07031, 17.04958, 19.12671, 14.92702, 16.24964, 23.38647, 26.07071, 19.37564, 19.97885, 15.21226, 14.1102, 17.06059, 13.09598, 18.8958, 5.649161, 37.7919
2016/1/15 16:14:19, 16.86927, 15.53188, 14.97097, 17.1117, 13.7224, 19.07031, 17.17593, 19.12671, 15.00187, 16.22467, 23.38647, 26.07071, 19.42659, 20.02908, 15.21226, 14.1102, 17.08565, 13.1958, 18.85444, 5.68786, 37.7919
2016/1/15 16:14:20, 16.94631, 15.53188, 14.97097, 17.1117, 13.8781, 19.07031, 17.17593, 19.05082, 15.00187, 16.22467, 23.36107, 26.07071, 19.42659, 20.02908, 15.21226, 14.21163, 17.06059, 13.1958, 18.85444, 5.68786, 37.7919
2016/1/15 16:14:21, 16.94631, 15.4814, 15.22205, 17.13738, 13.8781, 19.21872, 17.17593, 19.05082, 14.92702, 16.37452, 23.36107, 25.97574, 19.42659, 20.10443, 15.21226, 14.21163, 17.06059, 13.32061, 18.81307, 5.649161, 37.83272
2016/1/15 16:14:22, 16.97199, 15.4814, 15.22205, 17.13738, 14.03384, 19.24345, 17.2012, 19.152, 14.92702, 16.37452, 23.43728, 26.04697, 19.42659, 20.10443, 15.23732, 14.21163, 17.06059, 13.32061, 18.85444, 5.649161, 37.7919
2016/1/15 16:14:23, 16.97199, 15.4814, 15.22205, 17.13738, 14.03384, 19.24345, 17.2012, 19.152, 14.92702, 16.37452, 23.43728, 26.04697, 19.42659, 20.10443, 15.23732, 14.21163, 17.06059, 13.32061, 18.85444, 5.649161, 37.7919
2016/1/15 16:14:24, 16.97199, 15.4814, 15.22205, 17.13738, 14.03384, 19.24345, 17.2012, 19.152, 14.92702, 16.37452, 23.43728, 26.04697, 19.42659, 20.10443, 15.23732, 14.21163, 17.06059, 13.32061, 18.85444, 5.649161, 37.7919
2016/1/15 16:14:25, 16.97199, 15.4814, 15.22205, 17.13738, 14.03384, 19.24345, 17.2012, 19.152, 14.92702, 16.37452, 23.43728, 26.04697, 19.42659, 20.10443, 15.23732, 14.21163, 17.06059, 13.32061, 18.85444, 5.649161, 37.7919
2016/1/15 16:14:26, 16.97199, 15.4814, 15.22205, 17.13738, 14.03384, 19.24345, 17.2012, 19.152, 14.92702, 16.37452, 23.43728, 26.04697, 19.42659, 20.10443, 15.23732, 14.21163, 17.06059, 13.32061, 18.85444, 5.649161, 37.7919
2016/1/15 16:14:27, 16.97199, 15.4814, 15.22205, 17.13738, 14.03384, 19.24345, 17.2012, 19.152, 14.92702, 16.37452, 23.43728, 26.04697, 19.42659, 20.10443, 15.23732, 14.21163, 17.06059, 13.32061, 18.85444, 5.649161, 37.7919
2016/1/15 16:14:28, 16.97199, 15.4814, 15.22205, 17.13738, 14.03384, 19.24345, 17.2012, 19.152, 14.92702, 16.37452, 23.43728, 26.04697, 19.42659, 20.10443, 15.23732, 14.21163, 17.06059, 13.32061, 18.85444, 5.649161, 37.7919
2016/1/15 16:14:29, 16.97199, 15.4814, 15.22205, 17.13738, 14.03384, 19.24345, 17.2012, 19.152, 14.92702, 16.37452, 23.43728, 26.04697, 19.42659, 20.10443, 15.23732, 14.21163, 17.06059, 13.32061, 18.85444, 5.649161, 37.7919
2016/1/15 16:14:30, 16.97199, 15.4814, 15.22205, 17.13738, 14.03384, 19.24345, 17.2012, 19.152, 14.92702, 16.37452, 23.43728, 26.04697, 19.42659, 20.10443, 15.23732, 14.21163, 17.06059, 13.32061, 18.85444, 5.649161, 37.7919
2016/1/15 16:14:31, 16.97199, 15.4814, 15.22205, 17.13738, 14.03384, 19.24345, 17.2012, 19.152, 14.92702, 16.37452, 23.43728, 26.04697, 19.42659, 20.10443, 15.23732, 14.21163, 17.06059, 13.32061, 18.85444, 5.649161, 37.7919
2016/1/15 16:14:32, 16.97199, 15.4814, 15.22205, 17.13738, 14.03384, 19.24345, 17.2012, 19.152, 14.92702, 16.37452, 23.43728, 26.04697, 19.42659, 20.10443, 15.23732, 14.21163, 17.06059, 13.32061, 18.85444, 5.649161, 37.7919
2016/1/15 16:14:33, 16.97199, 15.4814, 15.22205, 17.13738, 14.03384, 19.24345, 17.2012, 19.152, 14.92702, 16.37452, 23.43728, 26.04697, 19.42659, 20.10443, 15.23732, 14.21163, 17.06059, 13.32061, 18.85444, 5.649161, 37.7919
2016/1/15 16:14:34, 16.97199, 15.4814, 15.22205, 17.13738, 14.03384, 19.24345, 17.2012, 19.152, 14.92702, 16.37452, 23.43728, 26.04697, 19.42659, 20.10443, 15.23732, 14.21163, 17.06059, 13.32061, 18.85444, 5.649161, 37.7919
2016/1/15 16:14:35, 16.97199, 15.4814, 15.22205, 17.13738, 14.03384, 19.24345, 17.2012, 19.152, 14.92702, 16.37452, 23.43728, 26.04697, 19.42659, 20.10443, 15.23732, 14.21163, 17.06059, 13.32061, 18.85444, 5.649161, 37.7919
2016/1/15 16:14:36, 16.97199, 15.4814, 15.22205, 17.13738, 14.03384, 19.24345, 17.2012, 19.152, 14.92702, 16.37452, 23.43728, 26.04697, 19.42659, 20.10443, 15.23732, 14.21163, 17.06059, 13.32061, 18.85444, 5.649161, 37.7919
2016/1/15 16:14:37, 16.97199, 15.4814, 15.22205, 17.13738, 14.03384, 19.24345, 17.2012, 19.152, 14.92702, 16.37452, 23.43728, 26.04697, 19.42659, 20.10443, 15.23732, 14.21163, 17.06059, 13.32061, 18.85444, 5.649161, 37.7919
2016/1/15 16:14:38, 16.97199, 15.4814, 15.22205, 17.13738, 14.03384, 19.24345, 17.2012, 19.152, 14.92702, 16.37452, 23.43728, 26.04697, 19.42659, 20.10443, 15.23732, 14.21163, 17.06059, 13.32061, 18.85444, 5.649161, 37.7919
2016/1/15 16:14:39, 16.97199, 15.4814, 15.22205, 17.13738, 14.03384, 19.24345, 17.2012, 19.152, 14.92702, 16.37452, 23.43728, 26.04697, 19.42659, 20.10443, 15.23732, 14.21163, 17.06059, 13.32061, 18.85444, 5.649161, 37.7919
2016/1/15 16:14:40, 16.97199, 15.4814, 15.22205, 17.13738, 14.03384, 19.24345, 17.2012, 19.152, 14.92702, 16.37452, 23.43728, 26.04697, 19.42659, 20.10443, 15.23732, 14.21163, 17.06059, 13.32061, 18.85444, 5.649161, 37.7919
2016/1/15 16:14:41, 16.97199, 15.4814, 15.22205, 17.13738, 14.03384, 19.24345, 17.2012, 19.152, 14.92702, 16.37452, 23.43728, 26.04697, 19.42659, 20.10443, 15.23732, 14.21163, 17.06059, 13.32061, 18.85444, 5.649161, 37.7919
2016/1/15 16:14:42, 16.97199, 15.4814, 15.22205, 17.13738, 14.03384, 19.24345, 17.2012, 19.152, 14.92702, 16.37452, 23.43728, 26.04697, 19.42659, 20.10443, 15.23732, 14.21163, 17.06059, 13.32061, 18.85444, 5.649161, 37.7919
2016/1/15 16:14:43, 16.97199, 15.4814, 15.22205, 17.13738, 14.03384, 19.24345, 17.2012, 19.152, 14.92702, 16.37452, 23.43728, 26.04697, 19.42659, 20.10443, 15.23732, 14.21163, 17.06059, 13.32061, 18.85444, 5.649161, 37.7919
2016/1/15 16:14:44, 16.97199, 15.4814, 15.22205, 17.13738, 14.03384, 19.24345, 17.2012, 19.152, 14.92702, 16.37452, 23.43728, 26.04697, 19.42659, 20.10443, 15.23732, 14.21163, 17.06059, 13.32061, 18.85444, 5.649161, 37.7919
2016/1/15 16:14:45, 16.97199, 15.4814, 15.22205, 17.13738, 14.03384, 19.24345, 17.2012, 19.152, 14.92702, 16.37452, 23.43728, 26.04697, 19.42659, 20.10443, 15.23732, 14.21163, 17.06059, 13.32061, 18.85444, 5.649161, 37.7919
2016/1/15 16:14:46, 16.97199, 15.4814, 15.22205, 17.13738, 14.03384, 19.24345, 17.2012, 19.152, 14.92702, 16.37452, 23.43728, 26.04697, 19.42659, 20.10443, 15.23732, 14.21163, 17.06059, 13.32061, 18.85444, 5.649161, 37.7919
2016/1/15 16:14:47, 16.97199, 15.4814, 15.22205, 17.13738, 14.03384, 19.24345, 17.2012, 19.152, 14.92702, 16.37452, 23.43728, 26.04697, 19.42659, 20.10443, 15.23732, 14.21163, 17.06059, 13.32061, 18.85444, 5.649161, 37.7919
2016/1/15 16:14:48, 16.97199, 15.4814, 15.22205, 17.13738, 14.03384, 19.24345, 17.2012, 19.152, 14.92702, 16.37452, 23.43728, 26.04697, 19.42659, 20.10443, 15.23732, 14.21163, 17.06059, 13.32061, 18.85444, 5.649161, 37.7919
2016/1/15 16:14:49, 16.97199, 15.4814, 15.22205, 17.13738, 14.03384, 19.24345, 17.2012, 19.152, 14.92702, 16.37452, 23.43728, 26.04697, 19.42659, 20.10443, 15.23732, 14.21163, 17.06059, 13.32061, 18.85444, 5.649161, 37.7919
2016/1/15 16:14:50, 16.97199, 15.4814, 15.22205, 17.13738, 14.03384, 19.24345, 17.2012, 19.152, 14.92702, 16.37452, 23.43728, 26.04697, 19.42659, 20.10443, 15.23732, 14.21163, 17.06059, 13.32061, 18.85444, 5.649161, 37.7919
2016/1/15 16:14:51, 16.97199, 15.4814, 15.22205, 17.13738, 14.03384, 19.24345, 17.2012, 19.152, 14.92702, 16.37452, 23.43728, 26.04697, 19.42659, 20.10443, 15.23732, 14.21163, 17.06059, 13.32061, 18.85444, 5.649161, 37.7919
2016/1/15 16:14:52, 16.97199, 15.4814, 15.22205, 17.13738, 14.03384, 19.24345, 17.2012, 19.152, 14.92702, 16.37452, 23.43728, 26.04697, 19.42659, 20.10443, 15.23732, 14.21163, 17.06059, 13.32061, 18.85444, 5.649161, 37.7919
2016/1/15 16:14:53, 16.97199, 15.4814, 15.22205, 17.13738, 14.03384, 19.24345, 17.2012, 19.152, 14.92702, 16.37452, 23.43728, 26.04697, 19.42659, 20.10443, 15.23732, 14.21163, 17.06059, 13.32061, 18.85444, 5.649161, 37.7919
2016/1/15 16:14:54, 16.97199, 15.4814, 15.22205, 17.13738, 14.03384, 19.24345, 17.2012, 19.152, 14.92702, 16.37452, 23.43728, 26.04697, 19.42659, 20.10443, 15.23732, 14.21163, 17.06059, 13.32061, 18.85444, 5.649161, 37.7919
2016/1/15 16:14:55, 16.97199, 15.4814, 15.22205, 17.13738, 14.03384, 19.24345, 17.2012, 19.152, 14.92702, 16.37452, 23.43728, 26.04697, 19.42659, 20.10443, 15.23732, 14.21163, 17.06059, 13.32061, 18.85444, 5.649161, 37.7919
2016/1/15 16:14:56, 16.97199, 15.4814, 15.22205, 17.13738, 14.03384, 19.24345, 17.2012, 19.152, 14.92702, 16.37452, 23.43728, 26.04697, 19.42659, 20.10443, 15.23732, 14.21163, 17.06059, 13.32061, 18.85444, 5.649161, 37.7919
2016/1/15 16:14:57, 16.97199, 15.4814, 15.22205, 17.13738, 14.03384, 19.24345, 17.2012, 19.152, 14.92702, 16.37452, 23.43728, 26.04697, 19.42659, 20.10443, 15.23732, 14.21163, 17.06059, 13.32061, 18.85444, 5.649161, 37.7919
2016/1/15 16:14:58, 16.97199, 15.4814, 15.22205, 17.13738, 14.03384, 19.24345, 17.2012, 19.152, 14.92702, 16.37452, 23.43728, 26.04697, 19.42659, 20.10443, 15.23732, 14.21163, 17.06059, 13.32061, 18.85444, 5.649161, 37.7919
2016/1/15 16:14:59, 16.97199, 15.4814, 15.22205, 17.13738, 14.03384, 19.24345, 17.2012, 19.152, 14.92702, 16.37452, 23.43728, 26.04697, 19.42659, 20.10443, 15.23732, 14.21163, 17.06059, 13.32061, 18.85444, 5.649161, 37.7919
2016/1/15 16:15:00, 16.97199, 15.4814, 15.22205, 17.13738, 14.03384, 19.24345, 17.2012, 19.152, 14.92702, 16.37452, 23.43728, 26.04697, 19.42659, 20.10443, 15.23732, 14.21163, 17.06059, 13.32061, 18.85444, 5.649161, 37.7919
2016/1/15 16:15:01, 16.97199, 15.4814, 15.22205, 17.13738, 14.03384, 19.24345, 17.2012, 19.152, 14.92702, 16.37452, 23.43728, 26.04697, 19.42659, 20.10443, 15.23732, 14.21163, 17.06059, 13.32061, 18.85444, 5.649161, 37.7919
2016/1/15 16:15:02, 16.97199, 15.4814, 15.22205, 17.13738, 14.03384, 19.24345, 17.2012, 19.152, 14.92702, 16.37452, 23.43728, 26.04697, 19.42659, 20.10443, 15.23732, 14.21163, 17.06059, 13.32061, 18.85444, 5.649161, 37.7919
2016/1/15 16:15:03, 16.97199, 15.4814, 15.22205, 17.13738, 14.03384, 19.24345, 17.2012, 19.152, 14.92702, 16.37452, 23.43728, 26.04697, 19.42659, 20.10443, 15.23732, 14.21163, 17.06059, 13.32061, 18.85444, 5.649161, 37.7919
2016/1/15 16:15:04, 16.97199, 15.4814, 15.22205, 17.13738, 14.03384, 19.24345, 17.2012, 19.152, 14.92702, 16.37452, 23.43728, 26.04697, 19.42659, 20.10443, 15.23732, 14.21163, 17.06059, 13.32061, 18.85444, 5.649161, 37.7919
2016/1/15 16:15:05, 16.97199, 15.4814, 15.22205, 17.13738, 14.03384, 19.24345, 17.2012, 19.152, 14.92702, 16.37452, 23.43728, 26.04697, 19.42659, 20.10443, 15.23732, 14.21163, 17.06059, 13.32061, 18.85444, 5.649161, 37.7919
2016/1/15 16:15:06, 16.97199, 15.4814, 15.22205, 17.13738, 14.03384, 19.24345, 17.2012, 19.152, 14.92702, 16.37452, 23.43728, 26.04697, 19.42659, 20.10443, 15.23732, 14.21163, 17.06059, 13.32061, 18.85444, 5.649161, 37.7919
2016/1/15 16:15:07, 16.97199, 15.4814, 15.22205, 17.13738, 14.03384, 19.24345, 17.2012, 19.152, 14.92702, 16.37452, 23.43728, 26.04697, 19.42659, 20.10443, 15.23732, 14.21163, 17.06059, 13.32061, 18.85444, 5.649161, 37.7919
2016/1/15 16:15:08, 16.97199, 15.4814, 15.22205, 17.13738, 14.03384, 19.24345, 17.2012, 19.152, 14.92702, 16.37452, 23.43728, 26.04697, 19.42659, 20.10443, 15.23732, 14.21163, 17.06059, 13.32061, 18.85444, 5.649161, 37.7919
2016/1/15 16:15:09, 16.97199, 15.4814, 15.22205, 17.13738, 14.03384, 19.24345, 17.2012, 19.152, 14.92702, 16.37452, 23.43728, 26.04697, 19.42659, 20.10443, 15.23732, 14.21163, 17.06059, 13.32061, 18.85444, 5.649161, 37.7919
2016/1/15 16:15:10, 16.97199, 15.4814, 15.22205, 17.13738, 14.03384, 19.24345, 17.2012, 19.152, 14.92702, 16.37452, 23.43728, 26.04697, 19.42659, 20.10443, 15.23732, 14.21163, 17.06059, 13.32061, 18.85444, 5.649161, 37.7919
2016/1/15 16:15:11, 16.97199, 15.4814, 15.22205, 17.13738, 14.03384, 19.24345, 17.2012, 19.152, 14.92702, 16.37452, 23.43728, 26.04697, 19.42659, 20.10443, 15.23732, 14.21163, 17.06059, 13.32061, 18.85444, 5.649161, 37.7919
2016/1/15 16:15:12, 16.97199, 15.4814, 15.22205, 17.13738, 14.03384, 19.24345, 17.2012, 19.152, 14.92702, 16.37452, 23.43728, 26.04697, 19.42659, 20.10443, 15.23732, 14.21163, 17.06059, 13.32061, 18.85444, 5.649161, 37.7919
2016/1/15 16:15:13, 16.97199, 15.4814, 15.22205, 17.13738, 14.03384, 19.24345, 17.2012, 19.152, 14.92702, 16.37452, 23.43728, 26.04697, 19.42659, 20.10443, 15.23732, 14.21163, 17.06059, 13.32061, 18.85444, 5.649161, 37.7919
2016/1/15 16:15:14, 16.97199, 15.4814, 15.22205, 17.13738, 14.03384, 19.24345, 17.2012, 19.152, 14.92702, 16.37452, 23.43728, 26.04697, 19.42659, 20.10443, 15.23732, 14.21163, 17.06059, 13.32061, 18.85444, 5.649161, 37.7919
2016/1/15 16:15:15, 16.97199, 15.4814, 15.22205, 17.13738, 14.03384, 19.24345, 17.2012, 19.152, 14.92702, 16.37452, 23.43728, 26.04697, 19.42659, 20.10443, 15.23732, 14.21163, 17.06059, 13.32061, 18.85444, 5.649161, 37.7919
2016/1/15 16:15:16, 16.97199, 15.4814, 15.22205, 17.13738, 14.03384, 19.24345, 17.2012, 19.152, 14.92702, 16.37452, 23.43728, 26.04697, 19.42659, 20.10443, 15.23732, 14.21163, 17.06059, 13.32061, 18.85444, 5.649161, 37.7919
2016/1/15 16:15:17, 16.97199, 15.4814, 15.22205, 17.13738, 14.03384, 19.24345, 17.2012, 19.152, 14.92702, 16.37452, 23.43728, 26.04697, 19.42659, 20.10443, 15.23732, 14.21163, 17.06059, 13.32061, 18.85444, 5.649161, 37.7919
2016/1/15 16:15:18, 16.97199, 15.4814, 15.22205, 17.13738, 14.03384, 19.24345, 17.2012, 19.152, 14.92702, 16.37452, 23.43728, 26.04697, 19.42659, 20.10443, 15.23732, 14.21163, 17.06059, 13.32061, 18.85444, 5.649161, 37.7919
2016/1/15 16:15:19, 16.97199, 15.4814, 15.22205, 17.13738, 14.03384, 19.24345, 17.2012, 19.152, 14.92702, 16.37452, 23.43728, 26.04697, 19.42659, 20.10443, 15.23732, 14.21163, 17.06059, 13.32061, 18.85444, 5.649161, 37.7919
2016/1/15 16:15:20, 16.97199, 15.4814, 15.22205, 17.13738, 14.03384, 19.24345, 17.2012, 19.152, 14.92702, 16.37452, 23.43728, 26.04697, 19.42659, 20.10443, 15.23732, 14.21163, 17.06059, 13.32061, 18.85444, 5.649161, 37.7919
2016/1/15 16:15:21, 16.97199, 15.4814, 15.22205, 17.13738, 14.03384, 19.24345, 17.2012, 19.152, 14.92702, 16.37452, 23.43728, 26.04697, 19.42659, 20.10443, 15.23732, 14.21163, 17.06059, 13.32061, 18.85444, 5.649161, 37.7919
2016/1/15 16:15:22, 16.97199, 15.4814, 15.22205, 17.13738, 14.03384, 19.24345, 17.2012, 19.152, 14.92702, 16.37452, 23.43728, 26.04697, 19.42659, 20.10443, 15.23732, 14.21163, 17.06059, 13.32061, 18.85444, 5.649161, 37.7919
2016/1/15 16:15:23, 16.97199, 15.4814, 15.22205, 17.13738, 14.03384, 19.24345, 17.2012, 19.152, 14.92702, 16.37452, 23.43728, 26.04697, 19.42659, 20.10443, 15.23732, 14.21163, 17.06059, 13.32061, 18.85444, 5.649161, 37.7919
2016/1/15 16:15:24, 16.97199, 15.4814, 15.22205, 17.13738, 14.03384, 19.24345, 17.2012, 19.152, 14.92702, 16.37452, 23.43728, 26.04697, 19.42659, 20.10443, 15.23732, 14.21163, 17.06059, 13.32061, 18.85444, 5.649161, 37.7919
2016/1/15 16:15:25, 16.97199, 15.4814, 15.22205, 17.13738, 14.03384, 19.24345, 17.2012, 19.152, 14.92702, 16.37452, 23.43728, 26.04697, 19.42659, 20.10443, 15.23732, 14.21163, 17.06059, 13.32061, 18.85444, 5.649161, 37.7919
2016/1/15 16:15:26, 16.97199, 15.4814, 15.22205, 17.13738, 14.03384, 19.24345, 17.2012, 19.152, 14.92702, 16.37452, 23.43728, 26.04697, 19.42659, 20.10443, 15.23732, 14.21163, 17.06059, 13.32061, 18.85444, 5.649161, 37.7919
2016/1/15 16:15:27, 16.97199, 15.4814, 15.22205, 17.13738, 14.03384, 19.24345, 17.2012, 19.152, 14.92702, 16.37452, 23.43728, 26.04697, 19.42659, 20.10443, 15.23732, 14.21163, 17.06059, 13.32061, 18.85444, 5.649161, 37.7919
2016/1/15 16:15:28, 16.97199, 15.4814, 15.22205, 17.13738, 14.03384, 19.24345, 17.2012, 19.152, 14.92702, 16.37452, 23.43728, 26.04697, 19.42659, 20.10443, 15.23732, 14.21163, 17.06059, 13.32061, 18.85444, 5.649161, 37.7919
2016/1/15 16:15:29, 16.97199, 15.4814, 15.22205, 17.13738, 14.03384, 19.24345, 17.2012, 19.152, 14.92702, 16.37452, 23.43728, 26.04697, 19.42659, 20.10443, 15.23732, 14.21163, 17.06059, 13.32061, 18.85444, 5.649161, 37.7919
2016/1/15 16:15:30, 16.97199, 15.4814, 15.22205, 17.13738, 14.03384, 19.24345, 17.2012, 19.152, 14.92702, 16.37452, 23.43728, 26.04697, 19.42659, 20.10443, 15.23732, 14.21163, 17.06059, 13.32061, 18.85444, 5.649161, 37.7919
2016/1/15 16:15:31, 16.97199, 15.4814, 15.22205, 17.13738, 14.03384, 19.24345, 17.2012, 19.152, 14.92702, 16.37452, 23.43728, 26.04697, 19.42659, 20.10443, 15.23732, 14.21163, 17.06059, 13.32061, 18.85444, 5.649161, 37.7919
2016/1/15 16:15:32, 16.97199, 15.4814, 15.22205, 17.13738, 14.03384, 19.24345, 17.2012, 19.152, 14.92702, 16.37452, 23.43728, 26.04697, 19.42659, 20.10443, 15.23732, 14.21163, 17.06059, 13.32061, 18.85444, 5.649161, 37.7919
2016/1/15 16:15:33, 16.97199, 15.4814, 15.22205, 17.13738, 14.03384, 19.24345, 17.2012, 19.152, 14.92702, 16.37452, 23.43728, 26.04697, 19.42659, 20.10443, 15.23732, 14.21163, 17.06059, 13.32061, 18.85444, 5.649161, 37.7919
2016/1/15 16:15:34, 16.97199, 15.4814, 15.22205, 17.13738, 14.03384, 19.24345, 17.2012, 19.152, 14.92702, 16.37452, 23.43728, 26.04697, 19.42659, 20.10443, 15.23732, 14.21163, 17.06059, 13.32061, 18.85444, 5.649161, 37.7919
2016/1/15 16:15:35, 16.97199, 15.4814, 15.22205, 17.13738, 14.03384, 19.24345, 17.2012, 19.152, 14.92702, 16.37452, 23.43728, 26.04697, 19.42659, 20.10443, 15.23732, 14.21163, 17.06059, 13.32061, 18.85444, 5.649161, 37.7919
2016/1/15 16:15:36, 16.97199, 15.4814, 15.22205, 17.13738, 14.03384, 19.24345, 17.2012, 19.152, 14.92702, 16.37452, 23.43728, 26.04697, 19.42659, 20.10443, 15.23732, 14.21163, 17.06059, 13.32061, 18.85444, 5.649161, 37.7919
2016/1/15 16:15:37, 16.97199, 15.4814, 15.22205, 17.13738, 14.03384, 19.24345, 17.2012, 19.152, 14.92702, 16.37452, 23.43728, 26.04697, 19.42659, 20.10443, 15.23732, 14.21163, 17.06059, 13.32061, 18.85444, 5.649161, 37.7919
2016/1/15 16:15:38, 16.97199, 15.4814, 15.22205, 17.13738, 14.03384, 19.24345, 17.2012, 19.152, 14.92702, 16.37452, 23.43728, 26.04697, 19.42659, 20.10443, 15.23732, 14.21163, 17.06059, 13.32061, 18.85444, 5.649161, 37.7919
2016/1/15 16:15:39, 16.97199, 15.4814, 15.22205, 17.13738, 14.03384, 19.24345, 17.2012, 19.152, 14.92702, 16.37452, 23.43728, 26.04697, 19.42659, 20.10443, 15.23732, 14.21163, 17.06059, 13.32061, 18.85444, 5.649161, 37.7919
2016/1/15 16:15:40, 16.97199, 15.4814, 15.22205, 17.13738, 14.03384, 19.24345, 17.2012, 19.152, 14.92702, 16.37452, 23.43728, 26.04697, 19.42659, 20.10443, 15.23732, 14.21163, 17.06059, 13.32061, 18.85444, 5.649161, 37.7919
2016/1/15 16:15:41, 16.97199, 15.4814, 15.22205, 17.13738, 14.03384, 19.24345, 17.2012, 19.152, 14.92702, 16.37452, 23.43728, 26.04697, 19.42659, 20.10443, 15.23732, 14.21163, 17.06059, 13.32061, 18.85444, 5.649161, 37.7919
2016/1/15 16:15:42, 16.97199, 15.4814, 15.22205, 17.13738, 14.03384, 19.24345, 17.2012, 19.152, 14.92702, 16.37452, 23.43728, 26.04697, 19.42659, 20.10443, 15.23732, 14.21163, 17.06059, 13.32061, 18.85444, 5.649161, 37.7919
2016/1/15 16:15:43, 16.97199, 15.4814, 15.22205, 17.13738, 14.03384, 19.24345, 17.2012, 19.152, 14.92702, 16.37452, 23.43728, 26.04697, 19.42659, 20.10443, 15.23732, 14.21163, 17.06059, 13.32061, 18.85444, 5.649161, 37.7919
2016/1/15 16:15:44, 16.97199, 15.4814, 15.22205, 17.13738, 14.03384, 19.24345, 17.2012, 19.152, 14.92702, 16.37452, 23.43728, 26.04697, 19.42659, 20.10443, 15.23732, 14.21163, 17.06059, 13.32061, 18.85444, 5.649161, 37.7919
2016/1/15 16:15:45, 16.97199, 15.4814, 15.22205, 17.13738, 14.03384, 19.24345, 17.2012, 19.152, 14.92702, 16.37452, 23.43728, 26.04697, 19.42659, 20.10443, 15.23732, 14.21163, 17.06059, 13.32061, 18.85444, 5.649161, 37.7919
2016/1/15 16:15:46, 16.97199, 15.4814, 15.22205, 17.13738, 14.03384, 19.24345, 17.2012, 19.152, 14.92702, 16.37452, 23.43728, 26.04697, 19.42659, 20.10443, 15.23732, 14.21163, 17.06059, 13.32061, 18.85444, 5.649161, 37.7919
2016/1/15 16:15:47, 16.97199, 15.4814, 15.22205, 17.13738, 14.03384, 19.24345, 17.2012, 19.152, 14.92702, 16.37452, 23.43728, 26.04697, 19.42659, 20.10443, 15.23732, 14.21163, 17.06059, 13.32061, 18.85444, 5.649161, 37.7919
2016/1/15 16:15:48, 16.97199, 15.4814, 15.22205, 17.13738, 14.03384, 19.24345, 17.2012, 19.152, 14.92702, 16.37452, 23.43728, 26.04697, 19.42659, 20.10443, 15.23732, 14.21163, 17.06059, 13.32061, 18.85444, 5.649161, 37.7919
2016/1/15 16:15:49, 16.97199, 15.4814, 15.22205, 17.13738, 14.03384, 19.24345, 17.2012, 19.152, 14.92702, 16.37452, 23.43728, 26.04697, 19.42659, 20.10443, 15.23732, 14.21163, 17.06059, 13.32061, 18.85444, 5.649161, 37.7919
2016/1/15 16:15:50, 16.97199, 15.4814, 15.22205, 17.13738, 14.03384, 19.24345, 17.2012, 19.152, 14.92702, 16.37452, 23.43728, 26.04697, 19.42659, 20.10443, 15.23732, 14.21163, 17.06059, 13.32061, 18.85444, 5.649161, 37.7919
2016/1/15 16:15:51, 16.97199, 15.4814, 15.22205, 17.13738, 14.03384, 19.24345, 17.2012, 19.152, 14.92702, 16.37452, 23.43728, 26.04697, 19.42659, 20.10443, 15.23732, 14.21163, 17.06059, 13.32061, 18.85444, 5.649161, 37.7919
2016/1/15 16:15:52, 16.97199, 15.4814, 15.22205, 17.13738, 14.03384, 19.24345, 17.2012, 19.152, 14.92702, 16.37452, 23.43728, 26.04697, 19.42659, 20.10443, 15.23732, 14.21163, 17.06059, 13.32061, 18.85444, 5.649161, 37.7919
2016/1/15 16:15:53, 16.97199, 15.4814, 15.22205, 17.13738, 14.03384, 19.24345, 17.2012, 19.152, 14.92702, 16.37452, 23.43728, 26.04697, 19.42659, 20.10443, 15.23732, 14.21163, 17.06059, 13.32061, 18.85444, 5.649161, 37.7919
2016/1/15 16:15:54, 16.97199, 15.4814, 15.22205, 17.13738, 14.03384, 19.24345, 17.2012, 19.152, 14.92702, 16.37452, 23.43728, 26.04697, 19.42659, 20.10443, 15.23732, 14.21163, 17.06059, 13.32061, 18.85444, 5.649161, 37.7919
2016/1/15 16:15:55, 16.97199, 15.4814, 15.22205, 17.13738, 14.03384, 19.24345, 17.2012, 19.152, 14.92702, 16.37452, 23.43728, 26.04697, 19.42659, 20.10443, 15.23732, 14.21163, 17.06059, 13.32061, 18.85444, 5.649161, 37.7919
2016/1/15 16:15:56, 16.97199, 15.4814, 15.22205, 17.13738, 14.03384, 19.24345, 17.2012, 19.152, 14.92702, 16.37452, 23.43728, 26.04697, 19.42659, 20.10443, 15.23732, 14.21163, 17.06059, 13.32061, 18.85444, 5.649161, 37.7919
2016/1/15 16:15:57, 16.97199, 15.4814, 15.22205, 17.13738, 14.03384, 19.24345, 17.2012, 19.152, 14.92702, 16.37452, 23.43728, 26.04697, 19.42659, 20.10443, 15.23732, 14.21163, 17.06059, 13.32061, 18.85444, 5.649161, 37.7919
2016/1/15 16:15:58, 16.97199, 15.4814, 15.22205, 17.13738, 14.03384, 19.24345, 17.2012, 19.152, 14.92702, 16.37452, 23.43728, 26.04697, 19.42659, 20.10443, 15.23732, 14.21163, 17.06059, 13.32061, 18.85444, 5.649161, 37.7919
2016/1/15 16:15:59, 16.97199, 15.4814, 15.22205, 17.13738, 14.03384, 19.24345, 17.2012, 19.152, 14.92702, 16.37452, 23.43728, 26.04697, 19.42659, 20.10443, 15.23732, 14.21163, 17.06059, 13.32061, 18.85444, 5.649161, 37.7919
2016/1/15 16:16:00, 16.97199, 15.4814, 15.22205, 17.13738, 14.03384, 19.24345, 17.2012, 19.152, 14.92702, 16.37452, 23.43728, 26.04697, 19.42659, 20.10443, 15.23732, 14.21163, 17.06059, 13.32061, 18.85444, 5.649161, 37.7919
2016/1/15 16:16:01, 16.97199, 15.4814, 15.22205, 17.13738, 14.03384, 19.24345, 17.2012, 19.152, 14.92702, 16.37452, 23.43728, 26.04697, 19.42659, 20.10443, 15.23732, 14.21163, 17.06059, 13.32061, 18.85444, 5.649161, 37.7919
2016/1/15 16:16:02, 16.97199, 15.4814, 15.22205, 17.13738, 14.03384, 19.24345, 17.2012, 19.152, 14.92702, 16.37452, 23.43728, 26.04697, 19.42659, 20.10443, 15.23732, 14.21163, 17.06059, 13.32061, 18.85444, 5.649161, 37.7919
2016/1/15 16:16:03, 16.97199, 15.4814, 15.22205, 17.13738, 14.03384, 19.24345, 17.2012, 19.152, 14.92702, 16.37452, 23.43728, 26.04697, 19.42659, 20.10443, 15.23732, 14.21163, 17.06059, 13.32061, 18.85444, 5.649161, 37.7919
2016/1/15 16:16:04, 16.97199, 15.4814, 15.22205, 17.13738, 14.03384, 19.24345, 17.2012, 19.152, 14.92702, 16.37452, 23.43728, 26.04697, 19.42659, 20.10443, 15.23732, 14.21163, 17.06059, 13.32061, 18.85444, 5.649161, 37.7919
2016/1/15 16:16:05, 16.97199, 15.4814, 15.22205, 17.13738, 14.03384, 19.24345, 17.2012, 19.152, 14.92702, 16.37452, 23.43728, 26.04697, 19.42659, 20.10443, 15.23732, 14.21163, 17.06059, 13.32061, 18.85444, 5.649161, 37.7919
2016/1/15 16:16:06, 16.97199, 15.4814, 15.22205, 17.13738, 14.03384, 19.24345, 17.2012, 19.152, 14.92702, 16.37452, 23.43728, 26.04697, 19.42659, 20.10443, 15.23732, 14.21163, 17.06059, 13.32061, 18.85444, 5.649161, 37.7919
2016/1/15 16:16:07, 16.97199, 15.4814, 15.22205, 17.13738, 14.03384, 19.24345, 17.2012, 19.152, 14.92702, 16.37452, 23.43728, 26.04697, 19.42659, 20.10443, 15.23732, 14.21163, 17.06059, 13.32061, 18.85444, 5.649161, 37.7919
2016/1/15 16:16:08, 16.97199, 15.4814, 15.22205, 17.13738, 14.03384, 19.24345, 17.2012, 19.152, 14.92702, 16.37452, 23.43728, 26.04697, 19.42659, 20.10443, 15.23732, 14.21163, 17.06059, 13.32061, 18.85444, 5.649161, 37.7919
2016/1/15 16:16:09, 16.97199, 15.4814, 15.22205, 17.13738, 14.03384, 19.24345, 17.2012, 19.152, 14.92702, 16.37452, 23.43728, 26.04697, 19.42659, 20.10443, 15.23732, 14.21163, 17.06059, 13.32061, 18.85444, 5.649161, 37.7919
2016/1/15 16:16:10, 16.97199, 15.4814, 15.22205, 17.13738, 14.03384, 19.24345, 17.2012, 19.152, 14.92702, 16.37452, 23.43728, 26.04697, 19.42659, 20.10443, 15.23732, 14.21163, 17.06059, 13.32061, 18.85444, 5.649161, 37.7919
2016/1/15 16:16:11, 16.97199, 15.4814, 15.22205, 17.13738, 14.03384, 19.24345, 17.2012, 19.152, 14.92702, 16.37452, 23.43728, 26.04697, 19.42659, 20.10443, 15.23732, 14.21163, 17.06059, 13.32061, 18.85444, 5.649161, 37.7919
2016/1/15 16:16:12, 16.97199, 15.4814, 15.22205, 17.13738, 14.03384, 19.24345, 17.2012, 19.152, 14.92702, 16.37452, 23.43728, 26.04697, 19.42659, 20.10443, 15.23732, 14.21163, 17.06059, 13.32061, 18.85444, 5.649161, 37.7919
2016/1/15 16:16:13, 16.97199, 15.4814, 15.22205, 17.13738, 14.03384, 19.24345, 17.2012, 19.152, 14.92702, 16.37452, 23.43728, 26.04697, 19.42659, 20.10443, 15.23732, 14.21163, 17.06059, 13.32061, 18.85444, 5.649161, 37.7919
2016/1/15 16:16:14, 16.97199, 15.4814, 15.22205, 17.13738, 14.03384, 19.24345, 17.2012, 19.152, 14.92702, 16.37452, 23.43728, 26.04697, 19.42659, 20.10443, 15.23732, 14.21163, 17.06059, 13.32061, 18.85444, 5.649161, 37.7919
2016/1/15 16:16:15, 16.97199, 15.4814, 15.22205, 17.13738, 14.03384, 19.24345, 17.2012, 19.152, 14.92702, 16.37452, 23.43728, 26.04697, 19.42659, 20.10443, 15.23732, 14.21163, 17.06059, 13.32061, 18.85444, 5.649161, 37.7919
2016/1/15 16:16:16, 16.97199, 15.4814, 15.22205, 17.13738, 14.03384, 19.24345, 17.2012, 19.152, 14.92702, 16.37452, 23.43728, 26.04697, 19.42659, 20.10443, 15.23732, 14.21163, 17.06059, 13.32061, 18.85444, 5.649161, 37.7919
2016/1/15 16:16:17, 16.97199, 15.4814, 15.22205, 17.13738, 14.03384, 19.24345, 17.2012, 19.152, 14.92702, 16.37452, 23.43728, 26.04697, 19.42659, 20.10443, 15.23732, 14.21163, 17.06059, 13.32061, 18.85444, 5.649161, 37.7919
2016/1/15 16:16:18, 16.97199, 15.4814, 15.22205, 17.13738, 14.03384, 19.24345, 17.2012, 19.152, 14.92702, 16.37452, 23.43728, 26.04697, 19.42659, 20.10443, 15.23732, 14.21163, 17.06059, 13.32061, 18.85444, 5.649161, 37.7919
2016/1/15 16:16:19, 16.97199, 15.4814, 15.22205, 17.13738, 14.03384, 19.24345, 17.2012, 19.152, 14.92702, 16.37452, 23.43728, 26.04697, 19.42659, 20.10443, 15.23732, 14.21163, 17.06059, 13.32061, 18.85444, 5.649161, 37.7919
2016/1/15 16:16:20, 16.97199, 15.4814, 15.22205, 17.13738, 14.03384, 19.24345, 17.2012, 19.152, 14.92702, 16.37452, 23.43728, 26.04697, 19.42659, 20.10443, 15.23732, 14.21163, 17.06059, 13.32061, 18.85444, 5.649161, 37.7919
2016/1/15 16:16:21, 16.97199, 15.4814, 15.22205, 17.13738, 14.03384, 19.24345, 17.2012, 19.152, 14.92702, 16.37452, 23.43728, 26.04697, 19.42659, 20.10443, 15.23732, 14.21163, 17.06059, 13.32061, 18.85444, 5.649161, 37.7919
2016/1/15 16:16:22, 16.0000, 15.4814, 15.22205, 17.13738, 14.03384, 19.24345, 17.2012, 19.152, 14.92702, 16.37452, 23.43728, 26.04697, 19.42659, 20.10443, 15.23732, 14.21163, 17.06059, 13.32061, 18.85444, 5.649161, 37.7919
2016/1/15 16:16:23, 16.0000, 15.48, 15.22205, 17.13738, 14.03384, 19.24345, 17.2012, 19.152, 14.92702, 16.37452, 23.43728, 26.04697, 19.42659, 20.10443, 15.23732, 14.21163, 17.06059, 13.32061, 18.85444, 5.649161, 37.7919
2016/1/15 16:16:24, 16.97199, 15.4814, 15.22205, 17.13738, 14.03384, 19.24345, 17.2012, 19.152, 14.92702, 16.37452, 23.43728, 26.04697, 19.42659, 20.10443, 15.23732, 14.21163, 17.06059, 13.32061, 18.85444, 5.649161, 37.7919
2016/1/15 16:16:25, 16.0000, 15.4814, 15.22205, 17.13738, 14.03384, 19.24345, 17.2012, 19.152, 14.92702, 16.37452, 23.43728, 26.04697, 19.42659, 20.10443, 15.23732, 14.21163, 17.06059, 13.32061, 18.85444, 5.649161, 37.7919
